*Vertices 13646
12
207
93
448
27
303
4380
13
12
732
911
52
780
721
42
2513
14
28
209
153
2317
257
73
676
430
55
2127
15
176
53
2
198
1353
60
143
758
129
214
75
175
689
530
331
40
81
133
145
213
454
105
5220
227
3373
425
66
5
84
2220
1888
877
578
351
92
288
131
1794
373
23
131
329
11
539
262
1953
440
368
4
777
85
291
305
3
303
77
23
9
7
113
195
114
141
55
397
154
750
3210
36
554
981
901
463
448
191
350
958
359
2988
104
630
216
124
67
2306
149
320
2264
52
181
382
145
323
540
10
225
319
1237
9
20
51
137
90
2037
3
310
241
5
1342
104
101
57
216
1759
142
127
996
102
239
1279
444
136
318
271
171
1215
318
24
38
1547
614
146
176
34
613
197
98
71
43
24
80
25
90
48
11
446
251
88
81
64
307
642
208
33
212
34
15
244
709
176
99
351
44
140
623
72
151
2
162
243
95
59
17
478
1
5
196
47
35
396
158
244
14
19
307
41
252
412
247
87
1
10
6
15
36
542
553
135
1
932
29
1581
62
264
117
35
58
60
180
11
228
116
50
43
8
35
20
27
19
445
679
16
32
104
25
277
102
44
152
6
314
561
97
696
97
71
259
2705
28
3
891
82
11
692
982
3
63
1507
67
601
69
25
46
32
358
13
10
63
161
134
11
1030
77
141
220
116
298
204
91
35
34
446
201
190
295
64
65
115
104
6
62
1793
2
21
151
12
10
115
63
26
244
347
38
110
259
20
6
8
80
81
665
61
70
144
79
13
172
971
88
38
38
142
175
10
10
273
544
503
191
10
440
10
340
11
99
34
374
49
45
242
352
1428
147
7
18
727
72
1
596
9
6
535
27
200
556
11
87
3203
224
2
3859
17
44
24
65
51
19
14
11
373
64
549
36
1
1
28
54
3
63
1
65
41
1
52
3
1
27
2
1
81
11
20
261
1
32
3
78
5
7
4
1
242
95
1
13
7
381
62
131
40
44
69
193
984
111
15
159
10
274
79
91
117
12
53
22
2
132
60
184
4
60
70
98
1
14
1
66
102
50
2
1422
23
235
7
205
55
664
31
65
48
192
1
1
5
1
522
232
253
21
63
107
146
2
455
27
312
28
1
1
224
10
17
22
69
1
22
42
170
3
143
25
30
1
9
57
11
12
6
16
274
198
29
4
116
8
52
57
29
66
1
114
9
36
48
6
495
164
30
3
137
97
3
17
119
10
58
16
155
85
56
3
2
17
14
1
3
10
18
1
11
1
3
34
1
48
12
7
7
86
214
1500
37
96
165
170
11
200
7
7
102
272
115
141
74
355
13
72
51
19
11
415
325
94
54
7
18
52
76
76
43
204
109
23
19
2
68
351
67
33
118
52
60
499
441
123
33
135
25
7
2
53
3
1
2089
133
4
36
13
8
2
40
1
252
218
112
37
65
1
74
1983
128
37
248
18
29
175
178
160
142
158
29
49
228
8
125
16
59
1
6
43
13
2
9
22
55
1
6
51
1
40
1
25
23
2
219
118
65
15
96
40
794
258
43
17
1
9
37
11
12
16
60
36
22
60
15
27
107
35
175
46
60
32
52
15
20
10
52
222
10
32
13
86
32
26
38
8
1
1
1
15
359
1230
148
14
11
43
76
150
27
34
1
165
64
89
25
20
14
527
7
1
27
55
15
85
37
218
17
293
64
6
171
141
6
7
165
1
2
315
347
44
44
301
73
745
22
71
13
66
299
13
238
72
21
282
61
356
6
25
6
54
104
217
185
52
153
437
127
17
118
249
14
30
3
10
20
31
10
11
59
21
1
65
2
1
1
2
28
26
44
12
28
37
200
45
39
48
234
182
75
125
52
86
38
189
178
21
60
66
38
21
1
5
57
12
3
127
328
175
213
59
116
250
2
2
1
34
182
46
40
57
12
18
210
24
91
33
6
1
17
154
62
1
16
7
139
5
1
17
26
12
102
32
220
19
3
177
19
71
15
17
39
2
141
136
46
3
5
188
117
23
106
58
1
2
111
42
21
1
46
8
9
19
47
186
4
135
94
6
43
32
116
75
6
11
52
3
131
2
117
10
46
119
81
107
18
20
48
53
126
15
21
2
4
40
13
5
49
46
30
108
107
71
13
236
55
19
46
154
33
6
128
41
12
24
8
33
453
260
12
33
20
69
204
1
7
30
11
15
2
32
18
1
9
3
6
31
8
1
17
1
20
25
277
10
12
56
5
16
76
59
2
10
7
19
39
4
6
55
46
8
89
66
7
563
48
13
9
64
10
207
14
2
16
80
1
48
27
1
29
728
35
84
45
32
72
105
59
15
33
11
23
143
87
144
176
35
148
7
27
72
11
45
51
7
15
50
46
6
27
32
143
80
73
4
1
44
463
160
27
19
47
2
35
13
14
1
3
3
6
5
9
58
3
1
3
25
9
7
3
87
18
1
1
1
1
146
192
2
1
1
186
31
98
5
44
1
26
8
1
23
6
6
2
27
2
3
6
7
3
4
97
1
83
56
6
71
44
3
602
363
2
1
10
46
24
47
1
2
36
1
17
6
35
82
35
21
1
9
1
1
25
62
119
278
73
236
41
82
6
11
6
116
2
9
39
2
28
69
56
97
1
2
1
51
1
70
2
10
10
70
2
27
14
53
47
1
75
8
3
19
166
27
1
3
82
2
33
2
101
8
1
29
6
92
79
41
1041
272
9
13
6
3
89
63
3
95
3
1
3
20
27
17
3
33
43
7
91
40
24
71
2
1
64
6
2
13
52
39
18
34
57
207
7
31
6
3
1
62
14
258
17
62
1
56
26
145
127
80
17
122
109
138
38
120
6
3
69
9
50
8
29
8
102
22
6
61
1
45
29
48
3
13
3
6
28
13
22
1
2
8
3
1
1
1
5
3
2
1
1
1
1
6
29
2
1
1
2
5
4
1
30
62
2
26
4
12
33
7
130
1
1
15
7
23
18
81
8
4
2
7
524
44
11
15
33
54
5
13
30
108
1
1
1
7
42
1
228
198
36
31
26
11
7
4
51
78
122
2
13
33
58
33
78
107
14
23
3
1
1
8
26
2
8
2
1
7
44
19
10
1
400
46
6
5
14
67
8
10
6
33
14
19
34
12
23
191
17
53
79
62
2
5
1
12
50
53
15
1
3
10
6
9
93
6
77
73
19
4
42
7
2
3
26
7
1
18
1
1
18
2
49
6
24
5
10
24
99
22
8
14
13
33
13
40
6
92
15
111
45
14
1
30
72
46
6
8
2
8
12
40
24
75
2
6
24
5
4
38
2
7
21
208
1
3
1
1
28
45
99
1
11
1
1
1
51
8
69
3
13
13
129
34
153
107
118
64
40
16
20
3
15
83
18
4
24
1
6
25
1
37
20
1
138
79
40
73
19
32
3
74
2
1
17
39
126
36
3
1
2
4
1
6
11
46
19
14
3
16
14
13
96
6
4
209
65
5
4
3
7
40
1
11
28
3
2
1
12
4
5
4
4
8
5
23
5
1
16
2
6
17
3
82
47
44
17
4
9
122
7
40
34
3
3
30
96
49
231
12
1
2
1
1
4
4
105
5
41
1
142
20
1
15
32
1
5
3
48
112
10
1
17
2
4
5
22
1
53
3
1
18
69
28
163
13
6
26
92
2
47
4
110
3
72
2
3
11
2
2
69
2
7
90
1
22
1
3
9
8
1
5
3
13
11
40
7
91
11
18
85
10
18
41
22
11
28
27
1
1
1
11
4
81
3
1
11
14
33
9
10
35
29
31
1
12
11
12
6
3
5
2
3
30
44
43
7
19
26
12
8
1
4
1
32
79
34
71
12
1
43
15
54
8
6
9
7
18
36
26
1
1
1
1
7
1
1
2
49
2
42
100
8
21
4
25
3
383
7
2
1
10
17
10
22
22
67
46
73
19
46
36
7
4
30
33
9
5
4
87
24
16
15
9
5
18
1
1
16
60
10
9
11
2
2
23
5
16
16
15
76
29
53
23
3
15
117
52
78
60
3
7
15
14
1
134
58
2
49
1
36
1
7
32
1
3
14
19
47
36
7
29
29
12
4
15
15
52
77
1
1
6
3
10
1
51
1
1
6
1
2
1
1
7
1
1
6
19
1
1
1
1
4
35
58
9
23
1
1
2
5
16
13
3
43
59
4
2
42
6
3
25
23
2
23
7
4
50
2
13
9
26
62
5
4
1
1
21
11
53
2
2
1
1
58
11
15
1
10
24
27
11
54
23
26
4
4
2
17
48
1
29
12
2
2
32
13
6
19
43
72
4
6
12
75
12
9
1
1
45
17
1
12
12
2
14
71
18
21
18
11
63
6
29
11
5
206
28
52
1
51
13
2
31
13
65
3
1
2
1
35
2
11
3
3
7
3
2
5
1
32
3
27
7
1
2
19
7
48
1
1
29
2
30
73
14
24
37
8
158
6
11
4
10
1
16
18
9
5
28
14
2
22
3
4
78
17
11
49
2
2
36
1
61
551
1
1
17
4
1
1
20
14
5
5
79
14
5
15
7
1
28
2
12
2
2
1
7
16
1
3
12
109
13
23
20
1
12
2
1
2
1
65
21
21
12
1
18
4
9
58
35
1
1
1
3
4
2
9
3
34
29
1
8
10
159
89
20
8
26
5
1
1
2
29
2
1
1
8
18
1
7
15
22
1
6
45
47
61
80
54
42
8
45
16
2
54
2
14
8
1
22
12
79
4
1
1
1
1
1
52
4
6
14
14
1
24
13
1
1
1
97
11
5
9
1
6
4
25
11
7
2
3
27
8
3
5
47
3
3
1
2
6
5
11
1
1
1
2
1
4
1
13
52
21
41
19
14
36
1
6
4
4
5
27
2
10
1
16
5
3
1
5
44
2
1
1
40
1
56
15
23
1
2
52
1
18
1
1
26
2
2
7
4
4
3
1
10
3
7
5
3
48
38
3
4
3
3
3
2
1
1
5
18
28
2
6
2
1
66
156
22
3
3
4
7
2
1
1
34
38
10
3
18
1
19
26
10
76
26
60
15
13
34
32
3
3
15
3
3
30
10
16
49
20
22
10
10
7
21
3
34
7
17
10
20
45
3
3
62
14
14
32
14
3
58
40
10
11
12
80
42
25
70
21
27
1
1
39
4
10
4
3
1
21
47
46
30
7
2
25
19
24
12
13
10
1
20
17
12
17
5
103
27
1
27
50
46
8
21
20
23
3
63
286
707
165
180
38
341
753
11
17
180
175
56
45
16
164
194
595
318
179
917
8
75
141
155
85
3
99
14
238
9
3
41
23
1
138
188
43
29
3
199
154
288
79
22
8
59
255
43
51
38
3
4
30
5
79
1
1
22
16
10
16
18
18
1
1
23
41
48
45
56
95
35
4
1
4
16
14
6
16
28
38
106
27
40
21
18
21
18
4
4
34
29
15
112
72
25
37
62
24
5
16
7
12
5
9
3
3
65
37
29
22
9
10
8
9
1
42
12
17
93
71
105
120
145
5
6
12
4
4
43
139
9
7
18
2
2
31
65
30
2
58
27
14
33
17
1
2
31
46
61
3
19
20
20
24
10
61
6
51
19
2
2
100
1
11
4
13
11
47
52
19
38
13
5
5
1
25
9
1
7
5
1
77
11
2
4
111
80
38
50
32
74
21
15
5
24
1
2
112
6
5
4
3
1
11
53
1
18
13
159
17
74
3
14
1
19
5
2
28
1
136
50
154
233
21
34
96
54
15
1
33
12
83
10
7
2
22
18
56
2
16
6
16
1
16
17
48
16
32
9
19
19
2
59
2
37
3
1
1
3
2
2
3
1
20
1
11
45
4
60
13
9
10
11
24
11
12
19
8
4
1
7
3
1
7
47
2
1
6
13
43
1
13
3
32
3
43
23
2
1
83
19
10
3
8
152
5
37
4
8
2
13
12
17
6
1
15
1
3
6
4
1
1
7
1
2
8
15
4
34
16
41
5
9
2
47
9
17
32
1
86
6
30
31
12
2
8
1
6
108
32
15
28
2
158
77
2
3
42
1
1
1
2
7
20
40
2
1
1
45
13
1
1
2
15
4
11
1
50
2
2
3
11
3
29
22
54
23
1
4
117
1
3
46
28
22
6
1
2
26
23
11
16
4
8
7
10
56
1
7
3
17
37
50
28
23
6
5
13
17
6
7
19
6
1
7
9
2
2
27
6
2
2
34
14
24
6
80
29
21
8
1
5
70
1
14
1
1
8
17
99
1
6
2
1
23
80
3
5
1
1
1
1
5
10
10
33
15
1
22
17
1
118
12
16
28
1
36
4
1
1
2
59
3
4
3
3
83
13
2
31
97
4
5
1
4
1
2
4
6
13
7
36
9
5
42
10
3
7
3
9
2
3
4
1
1
1
9
1
28
1
44
57
55
53
13
8
1
11
6
24
10
1
6
1
10
34
1
3
3
7
62
12
40
5
3
1
1
13
1
4
4
17
7
25
13
5
1
11
1
6
1
3
27
68
16
11
5
16
1
10
1
62
4
3
10
30
3
1
1
11
1
3
27
62
4
1
5
47
6
1
18
1
4
1
38
26
4
29
22
7
57
3
32
19
10
10
4
11
9
15
1
19
5
53
2
2
1
2
41
9
12
2
14
49
7
2
2
4
12
7
11
4
6
1
5
22
16
2
3
15
6
13
3
49
40
14
11
2
2
38
1
19
57
1
2
2
11
2
6
1
11
5
7
6
12
11
2
43
1
4
37
15
24
4
29
1
6
44
22
6
2
1
3
11
2
13
3
1
1
10
9
21
5
2
2
2
48
3
2
19
1
10
17
2
6
22
12
2
1
2
2
1
6
2
11
4
7
5
31
11
21
2
4
1
4
28
4
3
31
10
18
12
4
1
3
30
5
25
1
33
66
8
57
1
12
8
1
7
4
21
2
2
4
11
17
7
13
35
14
3
1
3
17
8
19
2
15
14
5
8
7
6
11
58
5
6
2
12
1
20
4
7
4
2
3
42
6
24
7
4
6
3
1
10
38
6
4
17
1
2
23
3
6
3
1
2
1
13
7
6
1
13
76
22
6
12
27
20
3
9
98
1
36
4
1
28
3
14
11
2
1
1
3
13
10
29
21
8
7
5
3
1
3
4
19
8
8
51
1
48
1
33
46
4
7
5
2
6
1
1
14
2
4
31
6
59
1
9
46
3
84
2
1
1
21
11
8
10
35
7
88
1
1
10
13
17
1
6
1
23
15
16
1
4
1
41
1
4
14
9
11
1
21
5
1
10
1
16
8
24
3
14
1
3
1
1
4
4
3
8
1
20
2
1
7
5
1
2
9
3
3
3
2
1
1
16
1
2
21
1
7
1
1
4
3
5
11
9
2
10
5
6
14
4
2
8
13
3
4
1
6
7
8
1
7
32
6
7
3
5
3
3
18
1
1
36
1
10
20
3
33
1
1
2
15
3
1
2
13
8
5
10
1
3
5
1
13
2
6
7
1
4
21
4
26
17
15
9
4
37
23
1
5
1
1
4
1
1
2
15
5
7
3
1
2
9
1
1
5
1
18
1
14
1
83
9
2
1
2
1
2
39
14
4
3
7
1
1
2
2
6
3
20
3
1
1
5
2
3
1
2
2
3
26
65
23
8
2
1
30
27
8
15
11
26
4
11
6
5
1
1
3
11
1
20
1
2
1
6
2
15
36
5
43
7
7
4
26
2
7
1
1
11
1
1
1
1
1
17
17
3
9
4
15
7
1
1
25
1
1
8
13
12
6
14
1
2
14
2
3
1
41
3
1
5
19
1
4
1
3
1
26
2
18
1
2
1
10
10
46
4
5
3
1
1
3
1
1
1
10
2
2
35
4
11
7
3
16
15
1
5
1
2
3
3
1
1
2
9
1
5
31
1
10
2
14
1
13
6
3
4
14
8
5
1
1
4
2
10
1
14
3
2
4
1
11
7
2
15
14
42
34
3
13
11
4
20
3
16
19
3
1
39
3
2
1
3
32
17
19
22
33
10
6
47
3
6
32
12
13
33
6
18
17
15
10
10
1
6
3
1
6
7
4
2
42
7
3
40
8
3
13
9
1
4
9
7
30
30
9
22
13
26
3
45
6
9
10
1
35
3
1
1
1
3
1
10
3
5
2
2
9
3
2
6
1
19
9
1
15
16
4
2
31
11
1
1
3
6
3
10
6
12
26
3
3
1
22
49
38
5
11
21
6
3
6
1
10
1
1
3
3
38
8
7
32
7
5
7
2
6
1
5
1
6
1
23
1
1
3
8
1
14
2
1
23
2
12
16
5
1
3
1
1
2
10
5
3
8
8
3
23
3
7
1
10
3
6
6
14
6
1
8
5
3
8
2
2
3
3
3
3
3
3
13
5
4
1
1
4
3
3
1
3
3
13
15
1
5
13
11
43
9
3
3
6
4
1
5
5
2
19
18
9
28
8
23
21
1
1
10
2
20
6
1
3
3
6
13
2
2
4
2
10
9
5
3
4
3
3
3
6
1
17
1
3
4
1
1
17
1
1
40
16
24
1
9
1
1
3
38
4
11
6
8
3
8
2
3
8
11
4
1
23
8
3
31
1
11
6
5
1
1
29
1
10
1
12
10
3
3
2
9
1
2
6
6
1
1
20
8
4
1
4
5
6
1
1
4
3
1
7
1
16
1
1
3
6
25
1
1
2
2
7
1
10
2
5
9
1
30
1
7
1
8
1
6
3
19
1
1
1
1
2
5
6
1
1
3
1
1
1
4
10
1
1
1
2
4
1
12
128
5
7
32
2
30
2
5
13
4
19
17
5
22
11
1
2
12
2
1
7
10
20
5
2
4
41
3
1
1
1
10
11
28
44
3
3
1
1
8
4
41
9
4
4
5
4
14
2
7
17
15
2
1
10
16
17
2
7
4
2
11
10
12
2
2
3
1
32
1
10
1
21
21
3
8
3
1
2
15
2
1
1
4
10
1
8
8
4
3
16
4
1
1
7
15
1
2
2
7
3
1
1
7
2
13
2
2
6
1
26
1
5
16
2
5
11
3
1
2
3
4
1
1
1
1
1
10
2
2
26
10
14
4
4
2
1
13
5
1
1
2
21
1
1
1
1
11
1
19
1
23
1
39
3
38
3
8
15
8
89
14
4
50
17
2
4
3
1
4
31
3
10
3
4
1
1
5
5
7
2
3
21
1
20
2
7
3
3
3
3
3
20
5
3
3
19
6
60
7
9
8
10
2
11
1
4
37
2
5
8
2
1
27
28
6
1
52
2
20
6
12
8
8
10
1
2
2
1
1
11
10
8
8
4
1
1
7
9
3
4
13
12
5
14
1
4
8
5
2
32
3
4
1
29
9
8
5
10
8
18
5
19
2
8
4
10
18
7
1
9
1
4
21
57
15
1
1
4
1
7
4
6
9
14
3
4
3
6
6
1
1
3
1
13
47
41
4
2
12
1
3
11
6
15
26
11
2
6
1
7
2
12
1
14
14
1
7
1
3
1
26
1
5
1
18
16
21
28
13
6
3
23
21
2
6
3
20
1
3
4
2
1
12
9
2
15
1
7
12
6
2
4
1
6
2
1
2
37
3
1
4
1
4
6
1
7
1
6
5
28
3
3
5
9
16
11
13
2
22
18
17
1
2
4
1
77
19
12
2
1
4
4
6
1
3
3
21
1
2
1
1
19
25
21
1
18
17
1
5
6
2
5
1
7
16
13
14
2
5
7
2
5
4
4
3
9
25
19
35
1
1
9
25
1
1
1
1
1
10
2
6
7
1
1
1
1
9
15
3
7
14
2
1
21
6
7
1
6
2
9
2
13
34
3
5
2
23
3
1
5
5
1
4
7
3
18
4
23
2
2
2
1
10
1
4
8
5
7
12
1
13
1
1
4
3
4
2
4
19
11
12
12
8
27
8
1
3
23
3
2
8
8
4
44
21
2
1
4
22
2
2
4
4
8
1
1
5
1
2
3
5
13
20
1
1
2
1
2
2
2
2
1
13
8
1
14
6
2
1
18
3
5
6
1
10
11
1
2
12
14
4
7
11
19
8
2
4
2
1
5
11
6
2
15
5
7
2
2
24
1
1
6
6
1
4
1
7
2
1
6
9
4
3
2
27
28
7
14
4
1
1
3
10
17
6
10
8
2
6
1
5
3
10
16
11
1
1
2
2
1
18
1
8
1
14
6
20
2
1
1
1
1
1
1
14
4
1
3
1
6
1
4
9
11
1
16
3
6
1
12
3
16
2
22
9
2
24
1
5
1
1
1
6
2
1
1
1
1
1
2
5
2
4
2
2
4
4
13
6
8
3
5
1
1
10
25
3
3
3
27
9
3
28
2
2
4
4
5
8
2
6
2
5
1
4
12
4
6
1
12
9
28
6
9
11
21
1
1
28
5
33
25
38
5
1
5
5
3
1
1
5
1
4
1
53
5
9
1
1
1
1
4
5
6
1
1
1
24
1
2
6
10
1
28
15
11
1
1
2
1
2
1
14
3
1
6
11
9
1
8
6
33
4
2
8
25
7
4
1
3
2
2
1
4
1
4
1
16
1
3
2
4
1
1
7
3
1
3
2
1
3
1
2
3
2
15
9
14
6
2
2
12
16
17
1
1
1
5
5
22
2
4
2
12
1
32
16
24
17
21
1
1
2
1
1
1
2
37
2
2
1
6
7
2
1
2
1
2
8
2
20
2
2
2
3
4
14
3
17
1
12
1
4
11
17
13
1
4
4
3
3
3
20
6
5
7
6
6
1
1
1
1
3
2
5
20
5
14
21
17
2
1
4
4
1
1
1
8
2
3
1
2
2
3
24
8
21
2
1
3
1
2
2
5
1
2
1
1
14
4
1
3
1
2
1
1
1
17
11
1
2
1
1
5
1
5
3
5
40
1
1
3
8
1
4
4
2
1
4
5
1
6
20
1
4
2
1
3
3
8
11
2
1
2
1
1
1
4
1
4
2
9
3
14
1
18
5
2
1
11
3
3
1
2
1
1
13
4
1
1
4
2
5
11
4
2
8
30
3
2
8
6
2
1
13
7
9
3
14
1
19
1
10
11
2
1
2
10
7
11
2
27
8
9
3
4
14
9
2
3
7
5
1
10
1
1
1
3
2
4
1
1
3
11
1
1
4
1
1
1
12
2
1
4
1
1
4
6
3
15
1
1
2
1
2
1
1
4
2
3
2
14
4
11
1
1
1
1
1
1
3
2
1
7
1
3
2
2
8
6
1
9
5
3
1
1
7
4
1
3
5
4
11
4
5
4
5
2
2
3
5
1
3
1
3
1
2
4
2
2
23
2
14
3
1
1
10
1
8
14
1
2
1
2
6
1
1
9
1
14
7
5
1
2
1
5
4
8
4
8
3
3
5
5
4
10
7
5
7
1
18
2
2
2
2
2
16
5
11
1
1
9
8
5
19
2
4
7
1
13
9
10
4
10
7
5
1
18
17
5
4
4
6
1
17
9
1
5
3
7
3
3
13
1
4
2
1
1
11
5
10
1
1
3
8
5
3
5
1
11
1
1
1
7
2
40
9
9
1
1
1
1
1
8
2
4
5
9
2
2
9
12
2
4
1
9
2
18
6
1
2
24
2
34
2
2
4
19
4
8
7
12
3
1
1
2
1
11
1
13
3
21
1
2
5
1
3
3
2
7
1
1
1
13
1
1
2
1
6
6
6
2
2
1
1
12
5
1
3
14
3
1
1
2
3
2
1
1
3
1
16
1
3
1
1
3
23
3
1
2
2
9
5
1
1
9
8
14
1
5
8
6
1
1
3
2
4
5
5
12
1
4
4
10
5
11
1
1
1
1
1
1
12
1
18
3
3
2
1
2
1
1
2
1
7
2
1
4
15
6
7
1
3
1
11
3
2
2
2
2
2
3
1
7
1
2
2
5
1
1
6
1
7
2
4
1
7
8
1
1
7
1
1
2
5
3
4
10
7
3
6
1
1
1
18
17
12
2
1
1
2
1
1
5
5
3
1
1
10
1
1
1
1
3
34
5
4
5
1
1
3
12
5
6
5
2
6
3
14
6
2
1
1
8
2
5
1
4
2
1
2
2
40
5
2
5
1
5
3
1
3
11
1
1
16
1
1
1
1
1
5
10
1
8
14
4
2
9
3
3
2
2
1
5
3
2
4
5
12
6
2
8
2
1
6
1
6
1
4
16
13
3
6
1
3
2
6
4
7
5
1
5
1
1
12
1
1
1
4
2
8
2
1
1
1
1
3
1
1
20
1
35
10
2
16
2
2
1
3
2
3
6
1
1
6
1
1
3
1
1
2
5
7
4
2
1
1
6
3
1
10
2
6
1
1
1
3
1
4
1
7
13
1
3
5
2
1
1
4
1
4
1
3
1
12
5
1
8
2
1
2
8
4
12
3
1
1
2
3
3
2
2
1
1
2
1
11
2
1
3
2
3
2
1
6
1
1
4
1
4
1
1
13
4
1
3
7
2
2
2
3
1
2
2
1
2
1
2
8
1
2
2
1
1
3
1
3
2
1
4
2
5
1
2
1
1
1
3
7
2
4
3
1
9
2
1
15
1
1
2
3
1
1
2
7
2
3
5
1
4
6
3
12
1
1
3
1
4
1
7
1
5
10
3
2
7
1
1
1
4
1
3
1
5
10
1
2
5
10
7
7
8
4
1
1
2
7
1
3
2
23
1
9
17
2
5
1
1
1
1
1
1
1
1
2
2
1
1
4
1
2
1
1
1
1
4
1
2
1
2
1
3
1
1
1
2
5
2
1
11
1
2
1
1
4
2
1
6
2
14
2
2
4
1
2
1
5
2
1
1
4
1
5
2
3
2
3
1
5
3
1
1
7
13
6
2
4
1
1
2
2
2
1
1
2
1
1
1
3
1
1
1
1
6
3
5
2
1
2
12
1
18
10
2
2
3
5
4
3
4
5
10
5
2
5
7
2
1
1
1
3
3
5
2
2
1
1
3
1
2
1
7
10
1
3
1
9
1
4
3
1
1
2
2
2
2
3
7
1
4
2
2
5
9
2
1
1
2
1
2
1
7
1
3
2
3
2
5
3
3
3
5
3
7
2
1
4
2
2
2
5
2
1
1
2
3
2
2
2
1
2
5
1
10
1
11
1
2
1
1
1
1
23
1
4
2
9
1
6
2
1
1
1
1
9
2
3
2
1
2
3
6
1
2
4
1
6
2
7
1
17
5
1
7
1
3
15
1
8
2
1
24
1
5
5
2
3
2
1
8
25
4
7
12
1
3
1
4
7
1
1
1
3
1
1
2
1
1
1
4
2
1
2
3
1
1
1
1
1
3
1
1
3
2
1
1
2
2
1
1
2
10
1
3
1
1
2
1
7
1
2
5
1
2
6
1
1
1
1
1
15
1
5
4
7
2
1
2
1
5
5
1
3
2
2
4
1
2
1
2
2
1
1
1
2
3
4
1
3
1
3
1
3
2
1
1
7
54
2
2
2
6
1
2
1
1
1
4
6
2
1
2
2
1
1
1
1
4
1
1
2
2
3
4
1
4
1
3
1
4
1
1
2
1
1
1
1
1
2
1
3
1
1
1
1
4
2
1
4
3
1
1
3
1
1
2
1
2
2
2
3
1
2
2
1
3
2
3
1
1
8
1
2
4
1
13
9
2
10
5
11
4
2
1
5
12
2
4
3
2
1
1
5
3
3
5
2
4
1
5
6
6
2
1
8
4
1
2
5
5
1
16
1
2
2
2
2
1
1
1
3
3
1
1
1
2
1
1
2
1
1
2
1
1
1
1
1
1
4
1
3
1
1
1
4
9
4
3
2
1
2
1
3
2
1
2
13
3
1
1
1
1
1
1
1
2
7
2
1
1
1
1
1
1
3
1
3
2
1
2
2
30
2
3
2
1
1
2
1
1
2
1
2
1
5
1
1
1
1
4
7
1
6
2
1
1
19
5
3
1
7
1
4
4
7
7
4
3
3
3
3
4
2
1
1
7
1
4
7
4
1
1
2
4
1
10
8
5
2
1
1
2
6
3
1
4
3
4
3
2
3
1
2
1
14
1
4
1
4
1
1
1
19
3
1
2
2
4
2
1
7
1
11
1
1
15
1
1
2
1
2
1
1
2
1
3
1
2
1
1
1
1
1
2
1
1
2
1
2
1
3
3
1
6
1
1
4
1
1
1
2
7
1
2
2
5
9
1
3
2
2
7
10
2
1
2
2
1
1
5
1
4
3
5
1
1
1
3
2
1
2
1
1
1
1
6
3
4
1
1
5
2
2
1
1
1
1
2
3
5
1
1
1
1
1
2
1
2
2
3
3
1
1
3
2
1
1
1
1
5
1
30
9
1
1
1
1
3
8
4
12
5
1
2
1
1
13
5
1
5
1
4
7
1
1
1
1
1
2
1
1
5
2
3
2
7
4
1
5
8
1
2
1
4
3
3
1
1
2
2
1
2
3
2
1
3
1
5
5
5
5
2
2
4
2
1
1
5
2
1
1
1
5
2
2
1
5
2
3
1
2
1
1
1
1
1
1
12
2
1
1
2
1
3
3
1
1
1
1
1
3
1
3
4
1
39
1
1
1
6
5
4
3
6
6
6
1
6
1
1
2
1
1
1
2
2
25
3
1
2
1
3
10
3
3
1
1
3
1
1
1
13
1
1
1
3
4
1
1
1
3
2
4
3
1
2
4
5
1
2
1
1
2
1
1
1
3
1
1
1
1
1
6
2
1
1
11
1
5
2
1
4
1
5
1
1
2
4
2
1
3
2
2
2
13
3
3
1
3
5
3
12
2
3
1
1
1
7
8
3
1
3
5
2
4
3
9
7
6
5
2
3
1
4
2
1
1
1
1
1
1
1
1
4
2
1
6
3
1
7
1
1
3
2
3
3
5
6
2
11
10
1
1
1
3
12
9
1
1
1
1
4
1
1
1
1
1
1
1
1
1
1
1
1
3
1
2
3
11
1
3
1
1
1
2
2
1
3
1
1
1
9
8
1
11
4
4
2
1
8
1
7
1
3
1
1
1
1
1
1
1
1
1
12
1
1
6
5
1
2
1
2
3
1
1
2
1
2
2
1
3
2
1
2
9
1
3
1
5
2
2
2
4
1
2
1
1
1
5
4
8
1
3
3
1
1
2
1
2
1
1
1
1
2
1
1
1
3
1
3
2
1
1
1
1
1
5
1
1
3
1
1
1
1
5
2
2
1
1
1
2
1
1
1
1
2
2
1
1
1
1
1
1
1
1
2
1
1
1
1
6
1
1
3
1
1
1
2
1
1
1
20
7
6
6
1
8
16
1
2
1
4
1
1
1
1
1
1
4
1
16
1
1
2
4
2
1
1
1
1
2
3
1
2
2
2
3
1
1
8
1
3
1
2
1
1
4
1
1
3
6
4
1
2
3
5
2
1
1
2
1
1
1
4
1
1
1
2
2
1
1
2
2
2
2
2
1
2
1
2
1
1
2
1
2
1
2
2
9
13
1
7
1
5
2
1
1
1
1
7
1
7
3
3
7
3
3
3
3
4
1
1
1
6
5
2
2
2
8
1
3
9
1
4
3
1
1
2
3
2
1
5
1
1
1
1
1
3
1
1
2
1
1
2
4
8
1
1
1
2
1
1
1
4
10
3
3
2
1
1
2
6
8
1
1
1
2
29
4
1
4
1
1
1
1
1
1
1
2
1
1
2
1
2
1
2
1
1
1
1
1
1
4
2
1
15
3
2
3
1
1
1
1
1
1
2
1
3
1
2
2
1
5
5
1
1
1
1
1
1
1
1
6
7
6
1
3
1
1
2
1
1
2
1
1
6
2
6
1
1
2
7
2
1
2
2
1
3
1
2
1
2
1
1
2
1
1
1
1
2
2
34
8
4
1
5
6
8
1
1
5
4
4
3
3
1
1
1
1
1
3
1
2
1
1
1
1
1
8
3
4
1
1
2
1
1
2
3
1
1
2
1
1
3
1
2
6
2
2
1
1
1
2
1
1
1
1
1
2
1
1
1
1
1
2
2
1
3
2
1
1
5
1
1
5
3
5
2
10
3
1
1
3
1
7
1
1
3
1
7
1
1
1
3
1
1
1
1
2
2
2
2
1
2
12
3
3
12
1
3
1
2
1
1
1
1
2
1
1
2
1
1
1
4
1
1
2
2
2
1
8
1
1
1
2
1
1
1
1
1
1
2
1
3
3
1
1
1
1
2
1
2
1
4
2
3
3
1
1
2
1
1
1
2
1
1
1
3
9
1
5
1
1
1
1
2
3
2
1
1
1
1
1
2
1
3
1
1
2
1
1
2
1
1
2
3
1
2
1
1
2
2
1
1
1
12
7
4
2
2
3
3
1
2
1
1
1
2
2
2
1
2
4
2
5
2
1
2
1
2
3
3
2
4
1
1
1
8
3
1
1
1
2
2
1
1
1
1
1
2
3
1
3
2
2
2
3
1
2
1
1
1
1
1
2
3
4
2
1
2
1
1
1
2
3
1
5
1
1
1
3
1
2
1
1
1
1
2
1
1
1
1
1
1
1
8
2
1
1
1
1
1
1
1
7
4
5
1
3
2
2
1
1
1
2
1
1
1
2
1
1
2
1
6
6
6
1
1
1
1
2
1
1
1
1
1
1
1
1
2
19
1
1
2
1
7
2
1
7
1
2
1
2
1
1
1
1
1
1
1
1
1
1
8
3
1
1
2
3
2
3
7
1
1
2
1
4
2
1
2
1
3
1
1
4
1
1
1
2
2
1
1
1
1
1
2
1
2
1
1
1
1
1
1
7
1
2
1
4
1
7
1
1
1
1
1
3
2
5
1
5
1
1
1
1
3
2
2
2
2
3
4
2
2
6
1
1
11
1
1
1
1
1
6
10
3
7
1
1
2
1
1
1
1
1
1
1
1
2
2
1
1
3
2
1
1
3
5
3
1
2
6
1
1
1
1
1
1
2
1
1
1
2
1
2
1
1
1
6
1
2
1
1
1
1
1
2
1
1
2
1
1
1
1
1
1
1
1
2
2
1
1
1
1
1
1
1
1
1
7
1
1
2
2
10
3
1
1
1
3
1
2
2
1
1
1
1
2
1
2
8
12
1
1
1
4
1
1
3
1
1
1
2
1
1
1
4
1
1
3
1
1
1
1
1
2
1
2
6
1
1
1
2
2
1
4
1
1
1
2
1
2
1
14
1
3
1
3
1
2
17
1
2
8
3
1
1
1
1
1
2
3
3
1
2
1
1
1
1
1
1
1
2
2
1
1
2
1
2
1
1
2
1
1
1
2
1
1
1
2
1
1
3
1
1
1
5
1
1
4
6
2
1
1
1
3
1
2
1
1
1
5
13
2
1
2
13
3
1
2
1
1
1
1
2
1
1
1
1
1
1
1
1
4
1
1
3
1
1
7
1
1
1
1
1
1
2
1
1
1
1
14
2
5
1
1
2
1
3
1
3
5
1
1
2
1
1
1
1
1
9
2
2
1
1
1
1
1
1
1
1
2
2
4
1
2
2
1
1
1
5
2
2
1
1
1
2
1
1
1
1
1
1
1
2
3
2
1
1
2
2
1
1
1
1
4
4
3
3
1
2
16
5
1
1
7
3
1
1
3
4
4
1
1
1
1
1
1
1
8
2
2
5
1
2
4
1
1
1
1
1
1
2
1
1
5
1
1
1
1
1
1
2
2
1
1
1
1
2
1
2
3
5
1
1
7
1
2
1
1
1
5
1
1
2
1
3
1
1
1
1
1
1
1
1
2
1
1
2
4
1
1
1
1
1
1
2
1
3
11
4
1
2
8
1
2
1
1
4
2
5
1
2
1
1
1
1
1
1
1
1
1
1
1
1
1
1
1
1
1
3
3
2
1
1
1
2
1
1
1
1
1
1
1
2
1
1
2
2
1
2
1
20
1
6
1
1
1
1
8
1
1
1
1
1
1
1
1
1
1
1
1
2
1
1
1
1
1
1
1
1
2
1
1
2
1
1
3
1
1
2
6
1
1
2
2
1
1
1
1
1
1
1
1
1
1
1
4
2
1
5
1
1
1
2
1
6
1
1
1
1
1
1
1
7
2
9
4
6
13
3
1
1
1
3
24
2
5
1
1
1
1
1
1
1
7
1
2
3
1
2
1
1
3
1
4
1
10
1
1
1
2
3
3
1
1
2
1
1
2
4
3
1
1
3
1
2
1
4
3
1
1
7
1
1
4
1
5
1
1
9
2
1
1
1
5
4
1
1
1
1
1
1
1
2
1
1
1
1
1
1
2
1
1
2
1
1
1
1
1
1
1
3
2
1
1
2
1
1
1
1
1
2
1
1
1
1
1
1
2
1
1
1
1
1
1
1
7
2
2
7
1
1
1
1
1
15
1
1
8
1
1
1
1
1
1
1
4
1
1
1
2
1
2
1
1
1
1
1
6
1
3
2
2
1
1
1
1
1
1
1
1
2
1
1
4
2
2
1
1
1
1
5
1
1
1
1
1
1
1
5
1
4
1
1
1
1
1
2
1
1
1
2
1
2
4
2
12
3
1
2
2
1
2
7
1
1
2
2
1
7
1
2
1
4
1
2
1
1
1
1
1
1
1
1
1
1
2
9
6
1
1
1
2
1
1
1
1
1
1
1
1
1
4
2
1
2
2
1
1
1
1
1
4
1
2
1
1
1
1
1
1
3
2
1
1
1
1
1
2
1
4
16
5
4
1
2
1
1
1
2
3
1
1
1
1
1
5
1
1
1
1
3
1
2
1
1
3
1
1
1
1
1
1
1
1
1
1
1
1
8
13
10
2
2
1
1
1
1
1
1
6
1
3
1
1
1
1
1
2
1
3
1
1
1
1
2
1
1
1
1
2
1
1
1
1
4
1
2
1
1
1
1
1
1
5
2
1
1
1
1
1
5
1
1
1
1
1
1
1
1
3
1
2
1
8
2
2
2
1
1
1
1
1
3
1
3
3
1
1
1
1
1
1
1
1
3
2
1
1
7
2
1
1
2
1
1
1
1
1
1
1
1
1
1
7
1
1
1
1
1
1
6
1
3
1
1
1
1
1
3
1
1
1
1
1
5
1
1
3
10
1
1
1
1
1
4
1
1
1
1
1
1
1
1
1
2
2
1
1
1
1
1
2
2
1
1
1
1
1
1
1
3
1
13
6
1
1
5
1
1
2
5
1
1
1
1
1
2
1
1
1
1
5
2
2
9
1
1
1
1
1
1
1
1
1
1
6
10
1
4
2
1
1
1
1
1
1
1
1
1
1
1
1
2
7
2
6
2
1
2
1
1
1
2
1
1
6
1
1
11
2
1
1
2
1
1
1
1
1
1
1
1
1
2
3
1
2
1
1
1
1
1
1
2
2
1
1
3
2
1
1
1
1
1
2
1
1
2
1
7
1
5
1
1
2
3
2
1
1
3
3
1
1
1
2
2
1
5
1
2
1
1
1
3
1
5
1
1
1
1
1
2
1
1
1
1
2
2
2
9
1
1
1
17
10
3
1
1
2
2
3
1
1
1
2
2
2
1
1
1
1
1
2
1
3
1
1
1
1
1
1
1
1
1
1
2
8
1
1
5
1
1
1
1
1
1
1
1
8
12
10
10
12
4
1
2
1
1
1
1
1
1
2
3
1
1
16
9
1
6
1
1
1
1
1
1
1
1
2
1
1
1
1
1
1
1
1
1
3
1
1
1
2
1
1
1
1
1
7
1
1
1
1
1
1
1
1
1
2
1
1
1
1
1
1
1
1
1
1
1
1
1
1
1
1
1
1
1
1
2
1
1
1
2
1
1
2
1
1
1
1
1
1
1
2
1
1
1
1
1
1
2
7
2
3
2
1
1
1
1
3
1
1
1
1
1
1
2
1
3
1
1
1
6
1
1
2
1
1
3
1
1
7
1
1
1
1
2
4
2
2
1
1
1
1
2
3
1
3
1
1
1
1
1
1
2
1
1
1
2
1
3
1
1
1
1
1
1
1
1
1
1
1
1
1
1
4
2
2
2
1
1
1
1
1
1
6
1
1
1
3
8
2
2
1
5
9
1
1
1
1
4
1
1
2
2
1
1
1
1
1
1
1
1
3
1
1
1
8
2
1
1
1
1
1
1
1
1
1
1
1
1
1
1
1
2
1
2
1
2
2
3
1
1
1
1
1
1
1
1
2
2
1
1
2
1
1
3
8
1
1
1
1
1
1
1
1
1
1
1
1
1
1
3
11
2
1
1
1
6
1
2
1
1
1
1
1
1
3
1
7
2
1
1
1
1
1
1
1
1
1
10
1
4
3
1
1
1
4
1
2
19
1
11
1
1
1
2
2
1
3
1
4
1
2
1
2
1
1
1
2
1
1
1
2
1
1
2
2
3
1
2
1
2
1
1
1
1
1
1
1
1
1
1
1
3
1
1
3
8
1
1
1
1
2
1
6
2
1
1
1
1
1
2
1
1
1
6
3
1
2
1
1
1
1
2
1
4
1
1
1
1
1
4
1
1
1
1
1
1
1
1
1
2
1
2
2
1
2
3
3
1
1
1
6
1
1
1
1
1
1
1
1
2
2
1
1
2
1
1
1
1
2
1
4
1
1
1
1
1
2
1
2
1
1
10
1
1
2
4
1
1
4
2
1
1
1
2
1
2
2
1
1
1
1
1
1
1
1
2
26
1
1
1
1
1
1
2
1
1
1
11
2
1
2
1
1
1
9
1
1
27
1
3
1
3
3
3
1
5
2
1
1
1
2
1
1
1
6
2
9
10
1
1
13
3
1
1
2
1
1
1
1
1
1
1
1
1
1
1
3
1
1
1
1
11
14
22
3
3
3
1
1
1
1
5
4
1
1
4
12
1
1
1
1
1
1
1
1
1
1
1
5
1
3
3
4
1
1
1
1
1
3
1
1
1
5
1
1
1
6
3
4
1
1
1
1
1
1
1
1
1
2
1
1
4
3
1
1
1
1
3
2
4
1
1
1
3
1
1
2
1
6
2
11
1
1
5
2
1
1
1
2
2
1
2
1
1
1
1
3
3
4
2
2
1
1
1
1
1
2
1
1
1
1
7
1
2
3
1
1
1
3
1
1
2
3
1
1
1
6
1
1
1
1
4
1
1
1
1
2
1
3
8
2
4
1
2
6
12
6
1
1
3
1
2
2
1
1
18
1
1
1
1
1
5
1
1
1
1
8
1
1
1
1
1
1
1
1
1
1
1
2
1
6
7
3
1
1
2
1
6
1
8
1
1
6
1
2
1
1
1
1
1
1
1
1
1
1
1
1
1
5
1
1
1
1
1
4
1
1
1
1
1
1
1
1
1
1
1
1
1
1
1
1
1
1
1
1
1
1
1
4
5
1
1
1
1
2
8
1
1
2
1
1
1
1
1
3
1
3
2
1
1
1
1
1
1
1
2
1
2
1
1
1
3
1
1
1
1
1
1
1
2
1
1
1
1
1
1
1
6
1
3
1
1
1
1
1
2
1
1
1
4
6
1
1
1
1
1
1
1
1
1
1
2
1
1
1
2
2
1
1
1
1
1
1
1
4
1
1
2
1
2
6
1
9
6
6
2
1
1
1
1
3
1
19
7
16
1
1
1
1
1
1
4
3
1
1
3
1
1
3
1
1
1
1
3
3
3
1
1
1
2
4
1
1
1
1
1
1
2
1
1
2
1
1
6
17
1
4
1
3
1
1
1
1
1
1
3
1
1
10
3
1
1
1
1
1
1
1
1
2
1
1
1
1
11
1
2
1
1
1
1
10
6
1
2
1
1
1
1
1
1
1
2
6
5
1
12
2
1
1
1
1
3
1
1
6
7
1
1
4
1
1
1
1
1
1
1
1
1
1
1
1
1
1
3
3
1
3
1
1
1
2
1
1
1
1
1
3
3
1
3
3
8
1
1
1
1
1
2
1
1
1
2
2
2
1
5
2
2
1
1
10
11
1
1
9
2
1
1
1
1
3
1
1
12
12
13
1
4
10
2
1
1
4
2
1
1
1
1
2
1
2
1
1
1
1
1
2
1
1
1
1
3
1
1
1
1
1
4
1
1
1
6
7
1
3
1
1
1
1
1
1
1
1
1
1
1
1
1
1
4
2
4
1
1
1
1
1
1
1
1
1
1
1
1
1
1
1
1
1
1
1
1
1
1
1
1
3
1
3
18
1
1
1
1
1
4
1
1
1
1
1
1
1
1
1
1
1
1
1
1
1
1
12
1
1
1
1
1
1
1
5
1
1
1
1
1
1
3
3
3
7
6
5
1
2
1
1
2
1
4
11
3
4
1
1
1
3
1
5
1
1
1
1
1
1
1
1
3
6
6
9
5
1
1
2
1
1
1
1
1
1
3
1
1
1
1
1
1
8
1
5
2
1
2
1
1
1
1
1
5
1
1
2
9
1
1
1
1
2
2
1
1
1
1
1
2
1
1
1
1
1
1
1
3
1
1
8
1
1
1
1
1
1
1
1
1
1
1
1
1
1
1
1
2
7
1
1
1
1
1
2
2
1
1
1
1
2
1
2
1
1
1
1
4
1
1
1
1
1
3
1
1
1
1
3
1
1
2
9
2
1
2
1
1
1
2
1
1
2
1
1
1
1
2
1
1
1
4
1
1
15
1
2
1
1
1
1
1
1
1
1
1
1
2
1
2
1
1
2
1
1
1
1
1
1
1
1
3
1
1
1
8
1
1
1
1
3
3
3
1
1
1
1
1
1
1
1
1
1
1
4
1
1
4
1
1
1
1
1
1
1
1
1
1
1
1
1
1
1
1
1
1
1
19
1
5
2
1
1
1
1
3
1
1
1
1
3
1
1
1
1
1
1
1
1
1
1
1
1
1
1
1
1
1
2
3
1
1
1
1
1
1
1
1
1
1
2
1
2
2
2
2
2
4
1
1
1
2
1
1
1
2
1
3
3
1
1
1
1
7
1
5
1
1
5
1
1
1
1
1
1
1
2
3
1
6
3
2
2
2
1
1
4
1
1
1
1
1
1
1
1
1
1
1
5
1
1
1
1
1
1
1
1
1
1
1
1
1
1
1
1
1
1
1
1
1
1
1
1
1
2
1
1
1
2
1
1
1
1
1
1
1
1
1
1
1
1
1
1
2
2
3
1
2
1
1
1
1
2
2
2
1
1
1
1
1
1
1
11
1
1
1
1
1
1
1
4
1
1
1
1
1
1
1
1
1
1
1
1
1
1
1
1
1
1
1
1
1
1
1
1
1
1
3
1
1
1
2
2
2
15
4
9
2
1
1
1
1
5
1
1
6
6
4
1
1
2
1
1
1
1
1
4
4
1
1
4
1
1
11
4
2
4
1
2
2
2
1
1
1
1
1
2
1
1
1
1
1
1
1
1
1
1
1
1
2
1
1
1
3
1
4
5
1
2
2
1
1
3
3
1
1
4
1
1
3
3
4
1
1
1
3
14
1
1
1
1
1
1
1
2
1
1
4
1
1
1
3
1
1
1
1
1
1
1
2
2
1
3
1
1
1
1
4
1
1
1
1
1
1
1
1
1
1
1
1
1
1
1
2
1
1
3
1
1
1
1
1
3
1
6
6
7
6
1
1
1
1
3
3
1
4
3
3
1
1
1
4
1
6
2
2
2
5
9
2
1
15
7
11
2
1
2
1
2
1
2
1
2
3
3
3
7
3
2
2
13
3
5
6
18
3
6
3
3
3
5
2
1
2
1
5
6
1
2
4
7
4
5
3
11
4
1
6
5
2
2
1
16
1
1
1
1
1
1
1
1
1
10
6
2
1
1
1
3
1
11
2
3
1
5
7
1
2
5
1
2
5
3
1
1
1
1
1
2
1
4
3
1
1
4
9
1
13
4
6
6
6
3
3
3
1
3
1
7
16
3
2
1
1
4
1
1
1
1
1
1
2
1
9
10
14
3
1
6
1
1
2
21
2
1
1
1
1
1
1
2
1
12
11
3
2
1
17
5
8
3
6
1
4
3
1
2
1
1
2
2
1
1
6
3
3
6
1
5
1
3
1
1
8
1
4
2
2
2
6
1
7
8
3
4
2
1
1
1
1
3
3
1
1
2
1
1
1
1
2
6
5
4
1
3
1
1
1
1
2
6
2
2
3
10
1
2
2
1
5
12
10
1
2
1
47
12
4
3
7
3
1
1
1
1
1
1
1
1
1
3
1
1
1
1
1
1
3
2
3
1
1
1
2
7
6
3
5
3
6
2
1
1
1
1
3
2
1
1
1
1
1
2
1
1
3
2
1
2
2
7
3
2
12
1
6
2
1
2
3
4
5
3
3
1
1
8
1
2
2
7
2
1
1
1
3
1
22
1
5
15
12
2
5
3
1
1
15
2
2
1
3
2
6
3
7
1
1
4
15
3
7
1
4
1
5
3
3
3
2
2
1
1
2
1
2
3
3
2
3
1
1
1
1
1
3
6
1
2
6
2
4
4
9
1
2
1
2
1
1
1
1
1
3
1
1
1
4
1
2
1
1
1
1
1
6
1
6
1
2
3
2
3
1
1
1
1
1
1
2
1
3
3
2
1
3
3
3
2
1
3
1
1
4
2
4
1
1
1
1
1
1
4
2
2
3
1
1
6
1
3
5
4
3
1
4
7
6
2
1
3
1
1
1
1
2
4
5
1
1
1
1
1
2
5
2
2
1
1
6
3
13
1
1
1
1
2
3
7
1
1
1
1
1
6
1
2
1
1
2
18
6
2
2
1
1
1
3
1
1
1
1
5
2
1
1
1
2
1
2
8
1
1
1
7
1
1
1
5
1
9
3
1
1
1
2
1
4
3
3
2
2
4
11
4
2
4
2
1
1
1
2
1
2
11
2
1
1
2
1
1
1
1
1
1
1
1
4
1
1
1
1
1
1
1
1
6
1
1
1
2
1
1
1
2
2
1
2
1
26
1
2
11
1
1
3
1
2
1
1
1
1
2
6
5
2
2
1
4
2
1
3
4
1
1
1
6
4
3
2
2
1
1
3
1
3
1
4
3
1
1
1
1
1
1
1
1
3
3
3
3
4
3
1
1
2
4
2
6
1
1
1
1
1
1
1
1
3
5
6
2
7
2
1
1
4
4
1
5
4
1
1
1
3
9
3
1
3
2
3
3
1
1
3
2
2
2
1
1
1
1
1
3
1
1
1
1
1
2
1
1
1
1
6
1
2
1
1
1
4
8
1
1
6
2
4
1
1
1
1
1
1
1
1
2
2
2
1
2
1
5
1
3
1
5
6
1
1
1
1
1
1
2
1
1
1
1
1
1
1
1
3
1
3
1
2
4
1
1
2
2
1
1
1
2
1
1
2
1
2
1
1
1
3
2
1
1
1
3
1
2
1
1
6
1
2
1
1
2
3
1
3
3
1
1
1
1
3
3
1
1
1
1
1
3
1
1
1
1
2
1
4
1
1
1
1
3
1
6
1
3
3
3
6
1
11
2
1
1
2
7
1
1
1
1
1
1
1
3
4
1
1
1
1
1
1
1
1
2
2
2
1
1
2
1
1
1
2
1
4
4
1
2
2
1
1
1
7
1
9
4
1
1
1
1
2
4
1
4
1
1
1
1
3
1
3
2
1
1
5
1
2
1
2
6
4
1
5
1
4
6
1
1
1
1
1
2
1
2
2
1
1
1
2
3
1
2
1
2
1
1
18
1
1
1
3
2
3
1
1
1
1
3
1
1
1
1
3
6
1
1
1
1
1
1
1
1
4
1
1
19
1
3
3
1
1
1
1
2
4
4
1
1
1
3
1
2
3
1
3
3
1
1
1
1
1
1
8
8
1
2
1
2
1
1
1
1
1
1
2
5
1
1
1
1
1
1
2
3
1
1
2
3
3
4
4
1
1
1
1
1
1
1
3
1
1
2
6
1
1
1
1
1
4
3
1
1
8
1
2
1
3
1
2
3
1
1
1
1
1
1
1
1
1
2
7
3
1
2
1
1
1
1
1
1
1
2
1
2
1
1
1
1
1
2
1
2
2
1
4
3
1
2
3
1
1
3
1
1
1
1
1
3
3
3
1
2
1
3
1
3
3
1
2
5
1
1
1
1
1
1
1
1
1
1
1
1
1
1
1
3
1
3
1
3
1
3
3
2
1
7
1
1
3
2
1
5
3
3
2
1
1
1
1
4
4
1
1
1
2
2
3
4
3
4
1
2
4
1
1
1
1
1
2
1
1
1
3
2
6
10
1
2
1
1
2
1
1
1
1
1
1
1
1
1
1
1
1
2
3
4
3
3
1
1
3
1
1
2
1
1
3
1
1
4
6
1
1
1
3
3
1
1
1
3
1
1
1
3
1
1
1
6
1
1
1
1
1
1
8
8
1
2
4
1
4
1
2
1
1
1
1
1
1
1
1
3
3
1
3
2
1
1
1
3
2
3
1
3
1
1
7
1
2
1
2
1
2
1
1
1
1
3
3
3
3
1
1
1
1
1
3
3
1
1
1
1
1
1
1
1
1
3
3
3
1
3
1
1
1
1
1
1
3
1
1
3
3
3
3
1
1
4
1
1
1
1
1
1
1
1
1
2
1
1
3
3
1
1
4
1
1
1
1
1
1
1
1
2
1
2
1
1
1
1
2
1
1
1
1
2
2
2
1
2
4
1
1
1
1
2
3
1
1
7
1
1
1
1
2
1
1
2
1
1
4
1
1
1
1
1
1
1
8
1
1
1
3
3
1
1
1
1
1
1
1
1
1
1
1
1
1
1
1
5
2
3
4
1
2
4
1
1
1
1
1
1
1
1
1
1
1
1
1
1
1
1
1
1
3
3
1
1
1
1
3
1
1
2
1
1
5
3
1
2
3
3
1
1
1
3
1
1
1
1
1
1
1
2
4
3
1
1
1
2
1
1
1
3
2
1
1
1
1
1
1
3
3
1
2
1
1
1
1
1
3
1
1
1
1
1
1
2
1
1
1
9
3
1
1
1
12
1
1
1
1
1
1
2
4
17
3
2
1
1
1
5
6
1
1
2
3
1
4
1
1
1
1
2
1
1
1
1
1
1
1
1
3
1
1
4
1
1
1
1
1
1
2
3
1
1
4
1
1
1
1
1
1
1
1
1
1
2
1
1
1
1
1
1
3
1
1
1
3
1
1
2
1
2
1
1
3
4
2
1
1
1
1
1
1
1
1
1
1
1
3
1
1
1
2
1
1
6
6
1
1
1
1
1
1
1
3
2
1
1
1
1
1
3
2
1
1
1
1
2
1
1
1
1
1
1
2
8
1
1
5
4
1
1
1
1
1
1
2
4
4
3
1
1
1
3
3
1
1
1
1
1
1
3
1
4
1
1
1
1
1
1
5
3
1
1
1
1
1
3
3
3
3
1
1
1
1
3
1
1
1
1
9
1
1
1
1
1
3
1
1
1
1
1
1
4
1
1
1
1
2
1
1
1
1
4
3
1
1
3
2
1
1
2
1
1
1
1
1
2
1
1
1
2
1
2
1
1
3
3
1
1
3
2
1
1
1
4
1
1
4
1
2
1
1
1
3
1
1
1
1
1
3
1
1
1
2
1
1
3
1
1
1
4
4
3
1
2
1
1
3
1
3
1
1
1
1
1
1
4
3
1
1
1
1
1
1
1
3
1
1
1
3
2
1
1
1
3
1
1
2
1
1
3
1
1
1
2
1
1
1
1
1
1
3
3
1
2
1
1
1
2
2
1
2
1
1
1
1
1
3
1
1
1
1
1
1
1
1
1
1
1
1
1
1
1
5
1
1
1
1
1
1
1
4
1
3
3
1
3
2
2
1
1
1
1
1
1
1
3
3
1
1
1
1
2
1
1
1
3
1
1
1
1
1
1
1
1
2
1
1
1
1
1
1
1
1
1
1
1
1
2
1
2
4
1
1
1
1
1
1
2
1
3
1
1
2
1
1
1
1
3
3
1
1
1
1
1
1
2
1
1
1
6
1
1
1
1
1
1
1
1
1
1
1
2
1
1
1
1
1
1
1
1
1
1
1
3
1
1
1
3
1
3
3
3
1
1
1
2
3
1
1
3
1
2
1
1
1
2
2
3
4
1
3
1
1
1
1
1
1
1
1
1
1
1
1
4
3
1
3
3
1
1
1
1
3
5
3
3
1
1
1
1
1
1
1
1
1
1
1
1
1
3
1
3
1
1
1
1
1
2
2
1
2
1
1
1
1
1
1
3
3
1
2
1
1
1
1
1
1
2
1
1
1
1
1
1
1
3
1
1
3
2
1
1
1
1
1
1
1
1
1
2
1
1
2
1
8
1
1
1
1
1
1
2
2
1
1
1
1
2
3
3
5
1
1
2
2
1
1
1
1
7
3
1
1
1
2
3
1
1
1
1
7
7
1
1
1
1
2
1
1
3
1
4
1
1
1
1
1
1
2
1
1
1
1
1
1
1
1
2
1
7
1
1
1
2
1
1
1
1
1
1
1
1
1
1
1
1
1
1
1
1
1
1
1
1
1
1
1
2
1
1
1
1
1
1
1
1
1
1
1
1
1
1
2
4
1
1
1
1
1
1
1
1
1
2
1
2
1
3
2
3
1
1
1
1
1
1
2
1
1
1
2
1
3
1
1
1
1
1
3
1
1
1
1
3
1
1
1
1
2
1
1
1
1
1
1
1
1
1
1
1
1
1
1
1
1
2
1
2
1
1
1
3
3
3
3
1
1
1
1
1
2
2
1
1
1
1
4
3
1
1
1
1
1
1
1
2
2
1
1
1
1
3
1
7
1
1
1
2
1
1
1
1
1
1
1
4
2
1
1
2
2
4
7
1
2
1
1
2
1
1
1
1
1
1
1
1
1
2
1
1
2
1
3
1
1
1
1
1
1
1
1
2
1
1
1
1
2
1
1
1
1
1
2
1
1
3
3
3
3
1
1
1
1
1
1
1
1
1
1
1
1
1
1
13
1
1
1
1
1
1
1
1
1
1
1
1
1
1
1
1
1
1
1
1
2
2
1
1
1
1
1
1
2
1
1
1
1
1
1
1
1
1
1
1
1
1
2
1
1
1
2
1
1
2
1
1
1
1
1
1
1
2
2
1
1
2
3
1
3
3
1
1
1
1
3
1
1
1
2
1
1
1
1
1
1
1
3
1
1
1
3
3
1
1
1
1
4
1
1
1
1
1
1
1
1
1
1
1
1
1
1
1
1
3
1
1
1
1
2
2
1
1
9
1
3
1
1
2
1
5
1
1
1
1
1
1
1
1
2
1
1
1
3
3
3
1
1
1
1
1
1
3
1
1
1
1
1
1
1
1
1
1
1
1
4
1
1
1
1
1
1
1
3
3
1
1
1
1
1
1
1
1
1
1
1
2
2
1
3
3
1
1
1
1
1
1
1
1
1
1
1
1
1
1
1
1
1
2
1
1
1
1
1
1
1
1
2
2
1
1
1
1
1
1
1
1
1
1
1
1
1
1
1
1
1
1
1
1
1
1
2
1
1
1
1
1
3
1
1
1
2
1
1
1
1
2
1
1
1
1
1
1
1
1
1
1
1
1
1
1
1
1
1
1
2
1
1
1
1
1
1
1
1
1
1
1
1
3
1
1
1
1
1
1
1
1
1
1
1
1
1
1
1
1
1
1
1
1
1
1
1
1
1
1
1
1
1
1
1
1
1
3
1
9
1
2
1
2
1
1
1
1
1
1
1
1
1
1
1
1
1
1
1
1
1
1
1
1
2
1
1
1
1
1
1
1
1
1
1
1
1
1
1
1
1
1
1
1
1
1
1
1
1
1
1
1
7
3
4
1
1
1
1
1
1
4
1
4
3
1
2
1
1
1
1
2
1
1
4
3
2
1
1
2
1
1
1
1
4
3
2
3
1
1
5
1
1
1
2
1
1
1
3
2
1
1
3
1
1
1
1
1
2
3
1
4
2
1
3
5
1
1
5
1
5
2
8
3
1
3
1
1
2
1
2
1
1
1
1
1
1
5
1
1
1
1
2
1
2
1
1
1
2
1
1
1
1
2
1
1
1
1
1
1
2
1
1
2
3
1
1
1
6
3
1
1
1
1
4
1
1
1
1
1
1
1
1
1
3
1
1
1
1
2
1
1
1
2
1
1
2
2
1
1
1
1
1
1
1
1
1
2
1
1
2
2
1
1
1
1
3
1
2
1
1
1
1
1
2
1
1
1
1
1
1
1
1
1
1
1
2
1
1
1
1
1
1
1
3
1
3
4
1
1
2
1
1
1
1
1
1
1
1
1
1
1
1
1
1
1
1
1
1
1
1
1
1
2
1
1
1
3
1
1
1
1
1
2
1
2
1
1
1
1
1
1
1
2
1
2
1
1
2
1
1
1
1
1
1
1
1
1
1
1
1
1
1
1
1
1
1
1
1
2
1
1
1
1
1
1
1
1
1
1
1
2
1
1
1
1
1
1
1
1
1
1
1
3
1
1
1
1
1
1
1
1
1
1
1
3
1
1
1
1
1
1
1
2
1
1
1
1
1
1
1
1
1
1
1
1
2
1
1
1
1
1
1
1
1
1
1
1
1
1
1
1
1
1
1
1
1
1
1
1
1
1
1
1
1
1
1
1
1
1
1
1
3
1
2
1
1
1
1
1
2
1
1
1
1
1
1
1
1
1
1
1
1
1
1
1
1
1
2
1
1
2
1
1
1
1
1
1
1
1
1
1
1
1
1
1
1
1
1
1
1
1
1
1
1
1
1
1
1
1
1
1
1
1
1
2
1
1
1
1
1
1
1
1
1
1
1
1
1
1
1
1
1
1
1
1
1
1
1
1
1
1
1
1
1
1
1
1
1
1
1
1
1
1
1
1
1
1
1
1
1
1
1
1
1
1
1
1
1
1
1
1
1
1
1
1
1
1
1
